	CD8Tcells	Monocytes	Carcinoma	NK	DC	CD4Tcells	Fibroblast
TCGA-24-1104-01A	0.02862958	0.058640227	0.71377164	0.023741819	0.036445584	0.03747135	0.1012998
TCGA-25-1320-01A	0.022439994	0.051817313	0.6367826	0.015789228	0.033197213	0.029716277	0.21025734
TCGA-24-1850-01A	0.018866377	0.056198966	0.6950298	0.013888505	0.036145378	0.021800354	0.1580706
TCGA-61-2101-01A	0.014989887	0.024914762	0.7194186	0.011377491	0.0301112	0.022785945	0.17640217
TCGA-23-1111-01A	0.015002494	0.016610665	0.76274616	0.013026923	0.026777761	0.026377074	0.13945891
TCGA-25-2396-01A	0.029602503	0.049265925	0.6462677	0.022575058	0.043087352	0.03773055	0.17147088
TCGA-30-1714-01A	0.019488858	0.02716071	0.7627249	0.01752281	0.030419022	0.034866247	0.10781751
TCGA-04-1347-01A	0.02542226	0.02486814	0.6494424	0.02252187	0.05732255	0.037718605	0.18270421
TCGA-59-2351-01A	0.02843135	0.09366119	0.67010593	0.016410412	0.039222486	0.032795448	0.11937324
TCGA-09-1659-01B	0.016234173	0.041819062	0.731445	0.015259244	0.03666525	0.03127033	0.12730692
TCGA-24-1431-01A	0.018991353	0.038085926	0.7925088	0.015052001	0.034981553	0.03703334	0.06334711
TCGA-31-1951-01A	0.02464117	0.081347965	0.6606307	0.01606596	0.026225636	0.028696865	0.16239166
TCGA-29-1769-01A	0.01734568	0.04071029	0.7560795	0.012526934	0.026888592	0.026395237	0.12005383
TCGA-13-0916-01A	0.029371893	0.053390265	0.6099236	0.024244865	0.05728164	0.03684782	0.18893988
TCGA-61-1721-01A	0.04125631	0.16529031	0.26585713	0.034617126	0.075716995	0.07661549	0.34064665
TCGA-20-1687-01A	0.020815823	0.044166267	0.71577173	0.017962353	0.03592457	0.03236771	0.13299151
TCGA-29-2414-01A	0.022768319	0.026941596	0.6250212	0.017993351	0.040455233	0.033362303	0.23345804
TCGA-13-1411-01A	0.024935877	0.2148921	0.5405269	0.019283228	0.037155654	0.027057461	0.13614877
TCGA-24-1928-01A	0.021142965	0.058863252	0.6359556	0.017639073	0.038305745	0.02941527	0.19867809
TCGA-31-1959-01A	0.018637957	0.10861314	0.5994619	0.015605009	0.0322468	0.026101446	0.19933371
TCGA-57-1586-01A	0.023211807	0.034487013	0.7414403	0.016308947	0.041579857	0.03457185	0.1084002
TCGA-09-2044-01B	0.02272053	0.0940971	0.68177205	0.013560942	0.035369743	0.030022902	0.12245673
TCGA-13-1506-01A	0.013369173	0.024295205	0.8313351	0.009255753	0.018518709	0.019735096	0.083490856
TCGA-25-1870-01A	0.024850326	0.059919193	0.61102706	0.023190565	0.049910154	0.05019723	0.18090546
TCGA-09-0366-01A	0.02079998	0.23232782	0.63421446	0.016650831	0.028819254	0.020677608	0.046510044
TCGA-30-1892-01A	0.021424592	0.043261725	0.63140273	0.016947683	0.037794307	0.03215451	0.21701448
TCGA-13-0893-01B	0.020589726	0.030271715	0.74533695	0.01851023	0.029218422	0.026571497	0.12950146
TCGA-09-2056-01B	0.016486548	0.055841375	0.75335294	0.013753895	0.030251823	0.03088116	0.09943221
TCGA-29-1781-01A	0.031460736	0.18172145	0.5450202	0.023884894	0.05792864	0.048453066	0.11153101
TCGA-29-1699-01A	0.025756752	0.12681228	0.64340186	0.022758575	0.03533801	0.035314888	0.1106176
TCGA-04-1364-01A	0.013991569	0.013330852	0.7559275	0.013315401	0.0326675	0.025750048	0.14501713
TCGA-59-2363-01A	0.018273758	0.020933835	0.73441005	0.014134064	0.032937277	0.025799872	0.15351106
TCGA-24-1416-01A	0.021469256	0.034736868	0.7658356	0.013632086	0.029870527	0.028082013	0.10637364
TCGA-20-1686-01A	0.02198126	0.033074018	0.76401424	0.015999017	0.040396094	0.028618246	0.09591714
TCGA-29-1697-01A	0.014535512	0.019247552	0.8091893	0.012533625	0.021885818	0.01834064	0.10426756
TCGA-29-1770-01A	0.016629776	0.0316142	0.69076174	0.010935783	0.031749338	0.024771312	0.19353789
TCGA-23-1116-01A	0.023415135	0.12641887	0.64064693	0.016033685	0.036441844	0.02527047	0.13177307
TCGA-29-2428-01A	0.020426454	0.06608081	0.7298687	0.018755365	0.038162947	0.037301917	0.08940377
TCGA-24-2293-01A	0.027474253	0.14093794	0.50156194	0.017597182	0.040696505	0.034719754	0.23701234
TCGA-25-1635-01A	0.024814533	0.07788068	0.63757235	0.017044945	0.03493067	0.02582574	0.18193112
TCGA-25-2409-01A	0.02357132	0.0588768	0.685739	0.019285098	0.03560048	0.03131823	0.14560913
TCGA-24-2280-01A	0.029405514	0.06142969	0.5117199	0.020277327	0.043727268	0.04339391	0.29004636
TCGA-29-1710-01A	0.02911505	0.13866629	0.6224197	0.021196084	0.03465635	0.03585392	0.1180926
TCGA-61-2095-01A	0.022081658	0.12777938	0.550049	0.023024783	0.041347254	0.04191545	0.19380248
TCGA-13-1489-01A	0.014476928	0.01889424	0.7831916	0.012841268	0.029578358	0.031970028	0.10904757
TCGA-23-1023-01A	0.025193645	0.06476565	0.6388714	0.018835118	0.039039392	0.02328766	0.19000717
TCGA-29-2425-01A	0.015882328	0.020306615	0.754641	0.0134923095	0.03973725	0.028100416	0.12784009
TCGA-36-1574-01A	0.011976448	0.038649645	0.77441496	0.008433928	0.019428043	0.020920977	0.12617604
TCGA-30-1853-01A	0.023458282	0.018046713	0.6580282	0.021702057	0.045219902	0.042828355	0.19071655
TCGA-04-1648-01A	0.023595214	0.045943905	0.7215252	0.02021381	0.037649434	0.023539806	0.12753256
TCGA-13-1409-01A	0.022808827	0.0150572425	0.6409195	0.024219891	0.046424907	0.05002358	0.20054601
TCGA-OY-A56Q-01A	0.019557586	0.01432915	0.7319033	0.02205319	0.039147172	0.03651003	0.13649955
TCGA-24-1471-01A	0.026831418	0.045824517	0.6885638	0.023329325	0.04450209	0.062340792	0.10860809
TCGA-59-2350-01A	0.01898968	0.04279383	0.7319758	0.01294789	0.026977776	0.024190282	0.14212476
TCGA-29-1688-01A	0.03164941	0.13111134	0.5881808	0.023574248	0.0454431	0.04299518	0.1370459
TCGA-61-1724-01A	0.013222523	0.026370661	0.7766083	0.011832709	0.023270756	0.02164104	0.12705393
TCGA-25-1628-01A	0.030708084	0.070310675	0.57763124	0.019958392	0.038999885	0.03665352	0.22573823
TCGA-09-1669-01A	0.024506874	0.040988855	0.64362437	0.02046627	0.046034083	0.040769804	0.18360978
TCGA-13-1405-01A	0.020832084	0.042136338	0.6832779	0.012695153	0.027871534	0.02452746	0.1886595
TCGA-24-2024-01A	0.01711453	0.03455365	0.6911659	0.015829911	0.029801726	0.02485525	0.186679
TCGA-24-1422-01A	0.024885582	0.0895716	0.5710824	0.02193538	0.03791658	0.0387789	0.21582954
TCGA-61-1740-01A	0.028422954	0.13336422	0.61193424	0.024546646	0.04611579	0.049257178	0.10635897
TCGA-13-0891-01A	0.019951528	0.031952012	0.76684695	0.016765183	0.037771374	0.024507709	0.102205284
TCGA-61-1728-01A	0.013301824	0.022201113	0.8017729	0.01043464	0.026955655	0.019225923	0.10610798
TCGA-61-1733-01A	0.020048281	0.029467987	0.64960873	0.014328551	0.036232315	0.024675751	0.22563839
TCGA-13-0720-01A	0.018820269	0.022307998	0.7996092	0.01572354	0.022847936	0.03125037	0.08944079
TCGA-29-1698-01A	0.020564629	0.043254357	0.6779254	0.014570515	0.035294306	0.02753543	0.18085538
TCGA-24-2288-01A	0.027641805	0.065117575	0.66712636	0.02220863	0.04502729	0.04129748	0.13158086
TCGA-25-1630-01A	0.019776717	0.14320147	0.64318883	0.012141045	0.03033837	0.026288709	0.12506486
TCGA-13-0901-01B	0.022693926	0.036083218	0.64993125	0.01680415	0.03844254	0.04105225	0.19499262
TCGA-24-1567-01A	0.014564014	0.017420044	0.7375078	0.011513946	0.033087473	0.018682258	0.16722445
TCGA-23-2084-01A	0.017264597	0.053420473	0.7609046	0.013463895	0.023493936	0.024374075	0.107078396
TCGA-36-1576-01A	0.022429198	0.09118124	0.6115162	0.014608777	0.038852613	0.02726922	0.19414282
TCGA-13-0730-01A	0.02872718	0.067205004	0.5510024	0.02358838	0.06318523	0.025976278	0.24031551
TCGA-04-1517-01A	0.019431481	0.029176759	0.7403818	0.018014269	0.035614353	0.030922845	0.12645851
TCGA-29-1778-01A	0.026037002	0.047022864	0.6654339	0.021971837	0.041396935	0.044981178	0.15315636
TCGA-24-1413-01A	0.018976497	0.03151166	0.75780123	0.015095581	0.027564198	0.035031613	0.11401918
TCGA-24-2023-01A	0.014100056	0.0402766	0.8275992	0.013669814	0.024206748	0.024303785	0.05584381
TCGA-13-0725-01A	0.022012157	0.06139153	0.6651681	0.01613889	0.0440851	0.028402044	0.16280217
TCGA-13-0883-01A	0.022989532	0.0689813	0.5753024	0.0141975805	0.037493896	0.033772144	0.2472632
TCGA-24-1555-01A	0.015070218	0.02899757	0.7726311	0.015194915	0.028916351	0.034034677	0.10515515
TCGA-23-1029-01B	0.01631602	0.027700553	0.75962704	0.011086053	0.027924031	0.023636142	0.13371013
TCGA-13-1507-01A	0.02082617	0.080226935	0.6945426	0.015998233	0.03716467	0.030162653	0.12107883
TCGA-61-1998-01A	0.01476447	0.06789399	0.6879425	0.01114792	0.029314382	0.023338703	0.16559799
TCGA-24-1419-01A	0.017123109	0.022773802	0.731545	0.014621695	0.030800616	0.030464925	0.15267088
TCGA-30-1862-01A	0.01710455	0.035271086	0.67207164	0.015887411	0.035869148	0.03843152	0.18536472
TCGA-09-1670-01A	0.021960393	0.06698515	0.72518617	0.017636037	0.034965333	0.036781665	0.09648516
TCGA-24-2281-01A	0.027346939	0.09619743	0.68746114	0.019749021	0.040713523	0.037220567	0.091311365
TCGA-57-1994-01A	0.031108351	0.05719808	0.69201994	0.020616896	0.038898837	0.04525237	0.1149055
TCGA-24-0968-01A	0.028673517	0.08093954	0.6402678	0.017188637	0.036581922	0.025994338	0.17035425
TCGA-23-1113-01A	0.015123267	0.023866257	0.76498264	0.01185159	0.03535412	0.025965745	0.122856386
TCGA-24-1548-01A	0.02235791	0.03363694	0.7646039	0.014631865	0.028078979	0.024434062	0.11225634
TCGA-24-1552-01A	0.012546681	0.020557506	0.852377	0.0077961273	0.017757118	0.016714387	0.07225121
TCGA-24-1930-01A	0.029980669	0.189469	0.56344146	0.018171877	0.043229923	0.037915483	0.11779159
TCGA-10-0936-01A	0.01971855	0.0287897	0.7878466	0.018477399	0.039541982	0.032846976	0.07277871
TCGA-61-2102-01A	0.025809245	0.15924816	0.35386768	0.03204517	0.07216006	0.031421576	0.32544813
TCGA-59-2352-01A	0.021632684	0.044002727	0.6331039	0.018949024	0.046313476	0.02837947	0.20761871
TCGA-61-1910-01A	0.021502962	0.050349277	0.7350232	0.025553823	0.038945243	0.040889956	0.087735675
TCGA-13-1512-01A	0.021245169	0.048231483	0.7199301	0.015278548	0.034588728	0.0239421	0.13678393
TCGA-29-1768-01A	0.029071225	0.12156262	0.49194476	0.021500131	0.04957452	0.041665148	0.2446816
TCGA-13-0897-01A	0.014842313	0.03235795	0.8341036	0.008780424	0.019188551	0.013830344	0.07689682
TCGA-10-0938-01A	0.014802015	0.010602278	0.802063	0.0134983035	0.031033417	0.029324735	0.0986763
TCGA-13-0804-01A	0.023870572	0.096016236	0.7075593	0.02285804	0.035674255	0.034900326	0.07912126
TCGA-13-0920-01A	0.020798406	0.020588482	0.72891504	0.018753102	0.040975753	0.034194287	0.13577487
TCGA-25-2042-01A	0.02082329	0.078948624	0.5443668	0.015601463	0.033752453	0.02566499	0.28084245
TCGA-13-1505-01A	0.024530934	0.03471192	0.5973372	0.025088904	0.052997727	0.039713092	0.22562025
TCGA-61-2110-01A	0.022936106	0.03506714	0.67284673	0.017761052	0.040075894	0.03820273	0.17311041
TCGA-24-1849-01A	0.027268747	0.12998737	0.50291914	0.017948607	0.038678214	0.029393746	0.2538042
TCGA-04-1341-01A	0.018656133	0.022813922	0.7697852	0.01372881	0.036126595	0.022911182	0.11597813
TCGA-24-2254-01A	0.018331656	0.07528403	0.6432735	0.013131929	0.032918155	0.031467523	0.1855932
TCGA-13-1488-01A	0.026019039	0.03946502	0.71461624	0.017696725	0.0377506	0.037485335	0.12696703
TCGA-61-2094-01A	0.038995408	0.17565383	0.55758977	0.028065257	0.04240675	0.069114424	0.08817458
TCGA-20-1683-01A	0.028202435	0.055209484	0.54816693	0.02747053	0.065650575	0.05706809	0.21823196
TCGA-29-1703-01A	0.016445	0.019939624	0.76640767	0.011306614	0.029224426	0.029337829	0.12733883
TCGA-04-1343-01A	0.022207094	0.044968393	0.6830766	0.017671613	0.040998902	0.02876203	0.16231532
TCGA-25-1627-01A	0.014228139	0.027890505	0.8073256	0.010346443	0.020843372	0.0139543675	0.10541162
TCGA-61-1919-01A	0.021332646	0.11477966	0.5879527	0.015757687	0.036682602	0.026302913	0.19719188
TCGA-24-1565-01A	0.035059188	0.07170313	0.62677413	0.029470325	0.055979174	0.057372082	0.12364194
TCGA-31-1946-01A	0.020289658	0.103414685	0.6306234	0.015431772	0.03161649	0.029431006	0.16919301
TCGA-29-1774-01A	0.019359125	0.023913005	0.6333742	0.01829768	0.050202567	0.030789698	0.22406368
TCGA-36-1577-01A	0.017125033	0.032184515	0.6868425	0.014707252	0.045907315	0.030869743	0.17236364
TCGA-24-2261-01A	0.034303218	0.12330586	0.57767063	0.028983263	0.04459967	0.05612405	0.13501328
TCGA-23-2077-01A	0.020493679	0.064231396	0.66150784	0.014822294	0.04554071	0.028458245	0.16494581
TCGA-36-1581-01A	0.03144071	0.119821556	0.62674433	0.024200829	0.03997375	0.05117764	0.10664117
TCGA-09-1661-01B	0.027894408	0.0408102	0.6372711	0.022499675	0.05433188	0.03547894	0.18171374
TCGA-13-1482-01A	0.028923536	0.033588495	0.64289933	0.024787752	0.037131287	0.041091785	0.19157779
TCGA-13-0924-01A	0.021295795	0.060886115	0.70611715	0.013126414	0.030272946	0.019515203	0.14878635
TCGA-23-1120-01A	0.029606646	0.07152597	0.63511115	0.02296345	0.04319479	0.048003364	0.14959453
TCGA-04-1357-01A	0.04710788	0.13878602	0.5423896	0.03500596	0.055752415	0.069182314	0.111775935
TCGA-04-1651-01A	0.01757659	0.02859654	0.7914725	0.015722284	0.030747756	0.029649982	0.08623437
TCGA-13-1497-01A	0.017963486	0.03258555	0.7391112	0.015231156	0.0332745	0.02861637	0.13321778
TCGA-24-1557-01A	0.016236685	0.036180843	0.7460785	0.014309075	0.032790937	0.026710583	0.12769337
TCGA-24-1562-01A	0.017937776	0.033392172	0.7276397	0.01335685	0.027474942	0.026966514	0.15323213
TCGA-24-2289-01A	0.022007378	0.08690658	0.62774044	0.017434835	0.031753965	0.0267153	0.18744151
TCGA-25-1871-01A	0.026822537	0.018280266	0.63148355	0.023989975	0.052290574	0.045732334	0.20140074
TCGA-29-1777-01A	0.022733608	0.056220453	0.66419524	0.01628231	0.038851168	0.030917004	0.17080016
TCGA-04-1542-01A	0.012724963	0.01422894	0.78108567	0.010728651	0.030426614	0.020796552	0.13000862
TCGA-24-1556-01A	0.031611722	0.060093675	0.6376641	0.025021993	0.040891565	0.042873625	0.16184336
TCGA-24-1427-01A	0.026685366	0.06779777	0.6269136	0.016352883	0.035390336	0.025734654	0.2011254
TCGA-13-1403-01A	0.015357085	0.020521905	0.7708974	0.011776681	0.022066193	0.022374853	0.13700591
TCGA-13-0797-01A	0.019576421	0.030812455	0.83222884	0.015915502	0.025832176	0.026886983	0.048747614
TCGA-09-1668-01B	0.022634638	0.048184935	0.7152917	0.014168389	0.023955815	0.03003806	0.14572652
TCGA-29-1694-01A	0.013403617	0.035565566	0.74697703	0.010776703	0.022612123	0.022762472	0.14790247
TCGA-36-1571-01A	0.016837662	0.018997015	0.755644	0.012930525	0.032137718	0.023126325	0.14032675
TCGA-25-1318-01A	0.017234763	0.04704352	0.73682165	0.012273975	0.031309657	0.02651125	0.1288052
TCGA-13-0714-01A	0.020441854	0.041972563	0.676586	0.017203564	0.036468696	0.028699564	0.1786278
TCGA-24-1418-01A	0.016679121	0.028745031	0.70592093	0.011957054	0.027343871	0.027634904	0.18171911
TCGA-25-1633-01A	0.020337163	0.066726066	0.5725162	0.013119378	0.032772347	0.025131552	0.2693973
TCGA-13-2060-01A	0.03108564	0.06932973	0.666627	0.02403947	0.037382975	0.040676814	0.13085835
TCGA-13-0905-01B	0.017635861	0.02175646	0.77871615	0.011458014	0.023752408	0.023434157	0.12324696
TCGA-29-1785-01A	0.02847515	0.069041535	0.704964	0.022239596	0.03994729	0.037342597	0.09798986
TCGA-09-0369-01A	0.015007698	0.047804803	0.57663226	0.019091995	0.0675985	0.027646625	0.2462181
TCGA-61-2088-01A	0.020991573	0.027319856	0.7147673	0.022924103	0.049712237	0.03304954	0.1312354
TCGA-13-0885-01A	0.036123265	0.121457666	0.63252205	0.03051403	0.048420608	0.052972615	0.07798973
TCGA-13-0726-01A	0.015934931	0.02498804	0.7892284	0.013481606	0.02560118	0.022193616	0.10857227
TCGA-13-0923-01A	0.01701477	0.031017343	0.7968876	0.013459367	0.029112816	0.021370972	0.09113723
TCGA-24-1430-01A	0.01899915	0.017753491	0.6782346	0.016607523	0.035786178	0.031048303	0.2015708
TCGA-24-1549-01A	0.016800191	0.024362005	0.82097536	0.009939295	0.018764751	0.019035352	0.09012306
TCGA-24-1467-01A	0.024889976	0.028885327	0.7375719	0.016917828	0.038003404	0.04280554	0.110926114
TCGA-20-0991-01A	0.028471202	0.28187487	0.53368556	0.019561127	0.044019807	0.032176457	0.06021096
TCGA-25-2401-01A	0.022028625	0.17431338	0.591103	0.014790707	0.031784263	0.023600483	0.14237957
TCGA-13-0919-01A	0.017435944	0.0610358	0.6901955	0.01250033	0.031085102	0.020195005	0.1675523
TCGA-13-1485-01A	0.02163175	0.044584993	0.61144763	0.015532774	0.036957134	0.031375933	0.2384698
TCGA-24-1464-01A	0.026280701	0.038806755	0.72506833	0.02125447	0.039976005	0.038767263	0.10984653
TCGA-31-1950-01A	0.02559197	0.06348353	0.74717814	0.017294066	0.03487951	0.026726266	0.08484649
TCGA-24-1434-01A	0.020461788	0.10750493	0.5950251	0.010898321	0.029295983	0.021052064	0.21576183
TCGA-24-1616-01A	0.014498636	0.021779584	0.7804623	0.012831911	0.024974078	0.02141956	0.12403392
TCGA-09-1666-01A	0.023563301	0.0570904	0.68306106	0.019032696	0.035203744	0.036689132	0.1453597
TCGA-13-0762-01A	0.018498609	0.022578942	0.75032264	0.017043596	0.037560258	0.034641184	0.11935469
TCGA-10-0934-01A	0.017016064	0.022769883	0.81903005	0.011606225	0.04392552	0.01906539	0.06658688
TCGA-09-0364-01A	0.018500434	0.01738199	0.64088345	0.021414846	0.054517556	0.03570625	0.21159546
TCGA-04-1331-01A	0.020266948	0.025544869	0.70195794	0.013397713	0.033632156	0.031774912	0.17342551
TCGA-24-1846-01A	0.02289982	0.065674976	0.6720147	0.021198893	0.038158946	0.047068726	0.13298388
TCGA-24-1436-01A	0.018934568	0.043881238	0.7636595	0.014042192	0.026172087	0.02776401	0.105546385
TCGA-13-1408-01A	0.0221266	0.03812643	0.62903214	0.018266596	0.04436001	0.03696911	0.21111906
TCGA-24-2033-01A	0.01659436	0.037050255	0.6524367	0.015664157	0.04248089	0.027924607	0.2078491
TCGA-24-1843-01A	0.031467076	0.09787226	0.68261313	0.021965781	0.041770767	0.032713	0.09159794
TCGA-10-0927-01A	0.02339232	0.02225729	0.6216702	0.020456504	0.04790431	0.033058826	0.23126067
TCGA-10-0937-01A	0.024791801	0.050506968	0.7348991	0.022328207	0.037647713	0.030083572	0.09974257
TCGA-09-0367-01A	0.013524833	0.03152845	0.8304537	0.012238745	0.02732923	0.01777946	0.067145504
TCGA-24-1845-01A	0.027609346	0.06966434	0.7175994	0.023628637	0.043688294	0.045444176	0.07236584
TCGA-24-1560-01A	0.018658357	0.020814331	0.76518196	0.013538226	0.026710138	0.026826905	0.12827012
TCGA-13-0724-01A	0.021531696	0.028962413	0.73788434	0.018430067	0.036127057	0.037077364	0.11998705
TCGA-5X-AA5U-01A	0.016961187	0.015496872	0.72661257	0.014870554	0.03105106	0.034777697	0.16023007
TCGA-25-2393-01A	0.02154356	0.044060424	0.69510895	0.019496154	0.042948235	0.036312047	0.14053059
TCGA-25-1322-01A	0.019314406	0.06517414	0.7389379	0.012209889	0.025958912	0.02255447	0.11585025
TCGA-61-2009-01A	0.017344944	0.05612475	0.6682604	0.012287542	0.03551958	0.025902517	0.1845603
TCGA-13-1481-01A	0.020463357	0.029189385	0.6819901	0.01692078	0.038439196	0.027090585	0.18590665
TCGA-13-0799-01A	0.021813542	0.019734664	0.72023445	0.016903048	0.037117194	0.040929496	0.14326757
TCGA-13-1487-01A	0.018536733	0.022624807	0.7186901	0.0133702895	0.033781532	0.027672658	0.16532385
TCGA-24-1564-01A	0.021774739	0.17945135	0.5402301	0.0152346715	0.032392416	0.026319874	0.18459684
TCGA-61-2109-01A	0.014361513	0.029600792	0.8086343	0.014624824	0.02502052	0.024475858	0.083282165
TCGA-59-2354-01A	0.024106659	0.07182216	0.5928796	0.019234663	0.037286635	0.032786872	0.22188334
TCGA-10-0926-01A	0.016458156	0.028942516	0.69058186	0.012426101	0.03155217	0.017504215	0.20253496
TCGA-04-1519-01A	0.02016911	0.017639382	0.7098184	0.017148068	0.034033746	0.033887215	0.16730405
TCGA-24-2020-01A	0.025928328	0.03552246	0.6612757	0.022300592	0.05303796	0.0342933	0.1676416
TCGA-3P-A9WA-01A	0.015198722	0.022544751	0.8487292	0.011378971	0.022235513	0.024637958	0.0552749
TCGA-04-1348-01A	0.024519345	0.08536449	0.72192246	0.01943367	0.034237053	0.036119755	0.07840328
TCGA-13-0906-01A	0.014620148	0.019055195	0.77605414	0.010748115	0.024294684	0.018863829	0.13636392
TCGA-30-1860-01A	0.032098833	0.097781606	0.647757	0.021589203	0.036977243	0.033754814	0.13004129
TCGA-36-1569-01A	0.029135944	0.07823009	0.5445139	0.023383906	0.047394376	0.046590406	0.23075138
TCGA-25-1319-01A	0.021965558	0.062728494	0.7094042	0.019223211	0.032062013	0.035067666	0.11954897
TCGA-57-1583-01A	0.019864224	0.023381	0.71051073	0.01932307	0.038474392	0.03471187	0.15373471
TCGA-29-1776-01A	0.015323388	0.024806581	0.74319476	0.012385171	0.026704155	0.02271089	0.15487508
TCGA-24-2271-01A	0.029217532	0.062969804	0.6120109	0.021865532	0.04246117	0.048535828	0.18293925
TCGA-23-1109-01A	0.019808711	0.0413698	0.7026055	0.01574718	0.03899543	0.037285645	0.1441877
TCGA-61-2092-01A	0.015115584	0.021887833	0.82813996	0.012279711	0.036716543	0.027573401	0.058287065
TCGA-13-0800-01A	0.021293769	0.014075972	0.7085676	0.01733263	0.039280657	0.03105052	0.16839884
TCGA-24-1924-01A	0.021771142	0.097766705	0.7175421	0.015766354	0.03194717	0.029094785	0.08611179
TCGA-24-1563-01A	0.018450614	0.04832101	0.6765568	0.013721564	0.02776095	0.02422013	0.19096892
TCGA-29-1761-01A	0.025446543	0.0737289	0.6974376	0.018096657	0.05302076	0.04020108	0.09206841
TCGA-24-1423-01A	0.017815322	0.02661816	0.76034576	0.012126411	0.025563905	0.019706417	0.13782395
TCGA-09-2045-01A	0.02271595	0.03963602	0.7326923	0.019083757	0.034460917	0.034550235	0.11686075
TCGA-24-0979-01A	0.019179124	0.022826776	0.7597167	0.013816755	0.030510172	0.031196862	0.12275361
TCGA-25-1314-01A	0.019929698	0.035617765	0.67916805	0.020056201	0.03981684	0.04077229	0.16463909
TCGA-29-1702-01A	0.018384928	0.022687087	0.67021924	0.015020733	0.041430373	0.026931321	0.20532632
TCGA-13-0887-01A	0.0177725	0.029749515	0.75031394	0.014301404	0.033568542	0.022642337	0.13165176
TCGA-61-1741-01A	0.0240496	0.03366498	0.6836676	0.016495502	0.042898092	0.033144478	0.1660798
TCGA-09-2048-01A	0.01949498	0.021839797	0.67157125	0.020694578	0.050172716	0.037413582	0.17881316
TCGA-09-1674-01A	0.01827566	0.014313447	0.71686906	0.013361585	0.029210612	0.018513283	0.18945636
TCGA-61-2012-01A	0.018468695	0.08416382	0.7120497	0.015866216	0.02965259	0.02631292	0.113486014
TCGA-24-1847-01A	0.025388515	0.09312219	0.7095278	0.015910396	0.031238949	0.02954551	0.09526668
TCGA-10-0928-01A	0.01571164	0.018523805	0.7615328	0.012196037	0.026825303	0.022208149	0.14300229
TCGA-29-1695-01A	0.017992785	0.1074708	0.6426172	0.013463312	0.03547195	0.02929973	0.15368423
TCGA-61-2016-01A	0.018678276	0.047760185	0.73626524	0.01565739	0.028079078	0.027364882	0.12619495
TCGA-23-2081-01A	0.012526927	0.016891908	0.8063546	0.010422825	0.018487735	0.018485773	0.11683023
TCGA-25-2397-01A	0.0156118	0.038977865	0.78271335	0.01578985	0.02997075	0.021726185	0.09521022
TCGA-13-1501-01A	0.019241618	0.031552095	0.7293501	0.015939305	0.033636797	0.025347002	0.14493313
TCGA-24-1604-01A	0.018055728	0.029779086	0.73380333	0.017027533	0.032765012	0.031624217	0.13694511
TCGA-25-1626-01A	0.026648343	0.13714032	0.5128382	0.017699083	0.038888644	0.028926007	0.23785949
TCGA-13-0888-01A	0.0184326	0.017317345	0.65426373	0.016461523	0.044871103	0.032924186	0.21572955
TCGA-25-1631-01A	0.014596532	0.029133288	0.7703967	0.012749956	0.026958779	0.023697384	0.12246737
TCGA-25-1321-01A	0.01838995	0.03421096	0.7688616	0.012908142	0.030156568	0.022186125	0.113286674
TCGA-29-1690-01A	0.01933078	0.12141069	0.64461267	0.01364516	0.031147882	0.029707974	0.14014482
TCGA-13-1511-01A	0.01736561	0.030277647	0.73461384	0.01082097	0.026509985	0.026270663	0.15414129
TCGA-25-1328-01A	0.02196457	0.057848636	0.5581126	0.019210035	0.045165613	0.0470276	0.2506709
TCGA-09-1662-01A	0.021262346	0.061277628	0.70732266	0.018732527	0.032616485	0.03836859	0.12041976
TCGA-13-0911-01A	0.014982247	0.09923156	0.68192655	0.010870323	0.03166147	0.022615597	0.13871223
TCGA-13-0727-01A	0.013966076	0.031118572	0.76155156	0.011639491	0.0341755	0.024729865	0.12281891
TCGA-10-0933-01A	0.027963884	0.029387174	0.6072704	0.026084738	0.047175545	0.03869675	0.22342141
TCGA-61-2111-01A	0.021265805	0.045288492	0.72524625	0.016728966	0.037053246	0.034681763	0.1197355
TCGA-29-1696-01A	0.019789193	0.028633794	0.7544231	0.019222042	0.030271346	0.035989318	0.11167127
TCGA-23-1024-01A	0.023257459	0.028820274	0.71934986	0.024985226	0.044060677	0.0391548	0.12037164
TCGA-25-1329-01A	0.023714272	0.07152615	0.6316461	0.01833536	0.038091984	0.037444856	0.17924128
TCGA-23-1110-01A	0.016319761	0.0116087645	0.7563684	0.013369285	0.034536842	0.023535669	0.14426126
TCGA-20-1684-01A	0.014235765	0.014154228	0.7875006	0.012246944	0.027042264	0.021843126	0.12297704
TCGA-24-1428-01A	0.028399127	0.12156117	0.67142916	0.026298752	0.04173785	0.03292272	0.07765121
TCGA-13-0795-01A	0.034309793	0.14068091	0.6295917	0.024020866	0.04498297	0.043902233	0.082511544
TCGA-13-0900-01B	0.024556404	0.046639156	0.6728545	0.017920807	0.033884857	0.034179617	0.16996461
TCGA-13-1410-01A	0.018398205	0.03630979	0.74555415	0.013201981	0.028823057	0.025645906	0.13206698
TCGA-23-1026-01B	0.017913252	0.056902032	0.7057057	0.013605326	0.028644944	0.024460338	0.15276839
TCGA-23-1032-01A	0.013849293	0.018318849	0.7993644	0.012948568	0.024549685	0.020490037	0.110479176
TCGA-13-0760-01A	0.027534373	0.08334935	0.70862645	0.022385068	0.044277456	0.040390484	0.07343685
TCGA-23-1028-01A	0.019965002	0.025228327	0.7653865	0.01572933	0.027279332	0.032732755	0.11367878
TCGA-23-2078-01A	0.026500603	0.0463005	0.6456581	0.018989636	0.04227638	0.037845474	0.18242931
TCGA-57-1584-01A	0.017326556	0.05274191	0.724135	0.018413847	0.03515989	0.035185933	0.11703678
TCGA-13-1496-01A	0.0342163	0.07089748	0.7404361	0.02500473	0.034354758	0.03552058	0.059570115
TCGA-04-1655-01A	0.020423632	0.020530017	0.71332115	0.016079351	0.03648616	0.030048661	0.16311105
TCGA-13-1407-01A	0.026383156	0.019861272	0.6900329	0.023203773	0.05163342	0.037743453	0.15114205
TCGA-36-1578-01A	0.031118969	0.0838745	0.66169477	0.023837237	0.041561734	0.055963945	0.10194888
TCGA-61-1995-01A	0.0223582	0.09633749	0.6763139	0.017942384	0.034523655	0.04258335	0.109941
TCGA-13-0908-01B	0.024785943	0.077138446	0.5593304	0.02025812	0.04390666	0.031541627	0.24303885
TCGA-61-1900-01A	0.015940055	0.021108387	0.7000582	0.014035734	0.03813764	0.031832267	0.17888772
TCGA-61-1725-01A	0.023266023	0.058051527	0.6607991	0.021222465	0.043384	0.03292809	0.16034879
TCGA-24-2290-01A	0.016760726	0.10006195	0.7413442	0.0128429765	0.025179343	0.030455587	0.073355205
TCGA-24-2267-01A	0.034118365	0.15723892	0.58604354	0.025288172	0.04435848	0.047969576	0.10498298
TCGA-13-1477-01A	0.020725204	0.02425112	0.6551221	0.018262355	0.043587346	0.037152965	0.20089884
TCGA-61-2002-01A	0.022094445	0.08566213	0.6144323	0.0154243605	0.03322768	0.03327366	0.1958855
TCGA-25-1326-01A	0.023537124	0.09894282	0.63984764	0.01734612	0.03239027	0.027429631	0.1605064
TCGA-61-1911-01A	0.028285896	0.07623572	0.70285445	0.019185508	0.037688714	0.039463434	0.096286245
TCGA-24-1103-01A	0.015524123	0.016715907	0.8178682	0.012945271	0.022096163	0.02074497	0.0941054
TCGA-23-1030-01A	0.016853632	0.029028216	0.7329958	0.012815118	0.02802763	0.025031386	0.1552482
TCGA-04-1332-01A	0.019634262	0.052270968	0.5995186	0.014419436	0.04320663	0.023514317	0.2474358
TCGA-09-2051-01A	0.019580372	0.050601322	0.7850175	0.016112	0.024442548	0.021952888	0.082293324
TCGA-04-1365-01A	0.021881377	0.054941658	0.7770391	0.01484141	0.027231479	0.023856258	0.08020868
TCGA-25-2399-01A	0.017495604	0.057916004	0.71490747	0.014719054	0.023530746	0.026100038	0.14533097
TCGA-23-1027-01A	0.013212581	0.05653115	0.7550316	0.010063126	0.027136296	0.01763975	0.12038549
TCGA-25-2392-01A	0.028015316	0.20005928	0.5739815	0.020121392	0.049208324	0.033938672	0.09467548
TCGA-24-2038-01A	0.020108556	0.02986302	0.64219904	0.017083807	0.039166972	0.04184783	0.20973076
TCGA-29-A5NZ-01A	0.021631204	0.024822054	0.6509072	0.015742239	0.03223357	0.029065533	0.22559817
TCGA-24-1544-01A	0.013862823	0.011499221	0.789407	0.011879441	0.033378944	0.016945744	0.12302684
TCGA-13-0768-01A	0.04739244	0.17513184	0.43050432	0.030465474	0.05238943	0.054938197	0.20917828
TCGA-30-1718-01A	0.016372822	0.030381985	0.7613484	0.011445906	0.02549565	0.020162765	0.13479249
TCGA-04-1337-01A	0.021904642	0.055173885	0.61894226	0.017763993	0.040898476	0.03079468	0.21452206
TCGA-23-1114-01B	0.017149426	0.019891564	0.6805296	0.013909866	0.033180185	0.025344672	0.20999463
TCGA-13-0801-01A	0.023529842	0.24000435	0.6147134	0.016143583	0.037654392	0.025472	0.042482484
TCGA-29-1766-01A	0.019032868	0.032886732	0.67557794	0.014403242	0.034781843	0.031875793	0.19144146
TCGA-13-1499-01A	0.034386165	0.05793214	0.54959434	0.023254514	0.054687437	0.039819155	0.24032624
TCGA-61-1737-01A	0.014995803	0.054037366	0.7104922	0.010558148	0.025895273	0.023480287	0.16054092
TCGA-29-1701-01A	0.020874055	0.06054273	0.72424096	0.015186579	0.035731718	0.0278251	0.11559888
TCGA-24-1470-01A	0.031129012	0.08719084	0.6798865	0.02174442	0.034826834	0.043596294	0.10162612
TCGA-09-2054-01A	0.028099336	0.05003776	0.48448583	0.026140459	0.057499543	0.044064682	0.3096724
TCGA-24-1558-01A	0.012507047	0.021403024	0.81998545	0.009078319	0.02493505	0.017089177	0.095001966
TCGA-24-2035-01A	0.026926959	0.14276052	0.50136596	0.019701727	0.0431176	0.036673885	0.22945333
TCGA-24-1923-01A	0.030359192	0.060979683	0.5290434	0.023461169	0.045931596	0.06300634	0.24721861
TCGA-24-1463-01A	0.020014204	0.053973492	0.6899983	0.0130827725	0.029182203	0.022605563	0.17114353
TCGA-13-1404-01A	0.024136612	0.046304524	0.6335585	0.021517897	0.044626027	0.04455338	0.18530308
TCGA-04-1338-01A	0.03041105	0.06816626	0.6147664	0.020752124	0.037077807	0.035477225	0.19334906
TCGA-61-1918-01A	0.018120183	0.057017025	0.7062771	0.017034499	0.03893422	0.03735195	0.12526505
TCGA-57-1993-01A	0.017297126	0.05539864	0.7448502	0.012955286	0.028868645	0.027123153	0.11350686
TCGA-25-1313-01A	0.02389852	0.10719057	0.6437004	0.018948266	0.03674427	0.03061215	0.13890573
TCGA-VG-A8LO-01A	0.0146907745	0.014481052	0.8304982	0.011925166	0.020826593	0.02157061	0.08600756
TCGA-24-2027-01A	0.015415739	0.01973116	0.76785976	0.011495024	0.032388873	0.019664178	0.13344528
TCGA-25-2400-01A	0.016873995	0.03807882	0.788965	0.013176917	0.03230169	0.02141734	0.08918635
TCGA-24-1435-01A	0.020056127	0.05776596	0.6764312	0.014725506	0.029186958	0.025887078	0.17594711
TCGA-29-2427-01A	0.037755217	0.18576531	0.54967713	0.03058269	0.05155465	0.032604452	0.11206055
TCGA-04-1536-01A	0.024642402	0.044337913	0.76331383	0.014004025	0.02859567	0.026327431	0.098778695
TCGA-24-2019-01A	0.025706122	0.034990944	0.72431993	0.019033318	0.04006843	0.034414783	0.12146652
TCGA-29-1784-01A	0.022691963	0.101862215	0.7139134	0.017628578	0.041778672	0.037988484	0.064136796
TCGA-24-2036-01A	0.026150012	0.03254919	0.64712864	0.01897492	0.043336093	0.045566395	0.18629472
TCGA-24-1546-01A	0.019528508	0.075397074	0.62744766	0.015262428	0.037898812	0.025587903	0.19887757
TCGA-29-1705-01A	0.019384533	0.054895204	0.68564206	0.013483218	0.031935766	0.024962647	0.16969658
TCGA-04-1514-01A	0.017552303	0.014654069	0.6676275	0.015444989	0.033251897	0.040076334	0.2113929
TCGA-59-A5PD-01A	0.014030741	0.02319374	0.8395202	0.010395823	0.022573074	0.020127732	0.07015868
TCGA-61-1736-01B	0.024540385	0.05896236	0.72610563	0.014950489	0.031881366	0.03230836	0.111251436
TCGA-31-1956-01A	0.03294773	0.26689014	0.4608407	0.022801528	0.04212762	0.03871031	0.13568197
TCGA-09-2053-01C	0.024484927	0.053587448	0.64645284	0.020345585	0.042447537	0.041863974	0.17081769
TCGA-13-1510-01A	0.020217936	0.024744757	0.74690896	0.015118618	0.031011768	0.032765556	0.12923238
TCGA-24-0982-01A	0.022420019	0.024817081	0.6600702	0.018945048	0.043373358	0.04175963	0.18861467
TCGA-59-2348-01A	0.016658887	0.04267777	0.7403844	0.012539	0.02754595	0.022910615	0.1372834
TCGA-24-1553-01A	0.037191402	0.100221746	0.6377162	0.022536784	0.04310162	0.036725957	0.12250632
TCGA-36-1580-01A	0.022672812	0.08457017	0.5738847	0.017453533	0.04144341	0.037385713	0.2225896
TCGA-13-1495-01A	0.01995676	0.02690643	0.76125646	0.013867314	0.025000637	0.030033043	0.12297938
TCGA-24-1603-01A	0.016606582	0.029629275	0.7491005	0.011905982	0.025461094	0.024147073	0.14314936
TCGA-WR-A838-01A	0.020744625	0.014146824	0.7027053	0.020156307	0.039774198	0.049603492	0.15286921
TCGA-31-1953-01A	0.033268362	0.18107224	0.5624736	0.024048517	0.036610503	0.03831953	0.12420732
TCGA-OY-A56P-01A	0.018742708	0.012675152	0.6767952	0.01265569	0.03418878	0.033426076	0.21151637
TCGA-13-0766-01A	0.01465029	0.034574114	0.7484363	0.012651629	0.027353466	0.019848628	0.14248557
TCGA-24-0966-01A	0.01908543	0.033851195	0.7602756	0.019099107	0.040376235	0.036228966	0.09108349
TCGA-09-1673-01A	0.033005744	0.065792024	0.5101291	0.029264381	0.06350538	0.060933854	0.23736958
TCGA-61-1743-01A	0.013767253	0.017368631	0.78042173	0.010916627	0.028261036	0.02602789	0.1232368
TCGA-04-1350-01A	0.01833029	0.01696853	0.701269	0.018854925	0.040652882	0.038652208	0.16527218
TCGA-13-0913-01A	0.01502036	0.015396648	0.7353463	0.014888294	0.040547397	0.026942799	0.15185817
TCGA-24-2298-01A	0.017801108	0.028018722	0.7437642	0.01048223	0.024248065	0.023522103	0.15216354
TCGA-61-2008-01A	0.017357988	0.049727198	0.67235285	0.014609613	0.03879778	0.03251182	0.17464276
TCGA-29-1691-01A	0.020421503	0.03459297	0.7183818	0.014967087	0.037075415	0.029019287	0.14554197
TCGA-61-2098-01A	0.013845745	0.018003736	0.7174117	0.01272812	0.034428403	0.02953209	0.17405027
TCGA-04-1356-01A	0.017110104	0.028299252	0.7441327	0.013201098	0.028059268	0.030406453	0.13879117
TCGA-24-0975-01A	0.017900156	0.03594931	0.6720194	0.011450139	0.030620059	0.019536648	0.2125243
TCGA-61-2003-01A	0.021471264	0.13404769	0.565751	0.017375581	0.037897907	0.032384858	0.19107167
TCGA-23-1107-01A	0.018103935	0.03551446	0.8026754	0.013962668	0.03159673	0.02492691	0.07321993
TCGA-24-2026-01A	0.024075473	0.059178498	0.7368329	0.016879076	0.031124322	0.032581463	0.09932822
TCGA-25-2398-01A	0.017452365	0.044875413	0.6236598	0.01443752	0.041240837	0.023469545	0.2348646
TCGA-24-1844-01A	0.015925176	0.024618618	0.7279048	0.013930381	0.03686108	0.030137457	0.15062247
TCGA-23-1021-01B	0.021439737	0.03140617	0.7020305	0.024019038	0.045350704	0.03665861	0.1390952
TCGA-25-1315-01A	0.014000512	0.017539505	0.7812205	0.012726569	0.027111068	0.021867147	0.12553467
TCGA-09-1665-01B	0.025832355	0.03798033	0.7501654	0.02087096	0.03247446	0.040355783	0.09232072
TCGA-29-1693-01A	0.024496235	0.04589196	0.67739755	0.017960802	0.03803058	0.033621833	0.16260098
TCGA-61-2113-01A	0.018287076	0.07397699	0.7179472	0.013535378	0.026473694	0.023051238	0.1267284
TCGA-59-2355-01A	0.01573398	0.03311497	0.72617596	0.014549092	0.027308531	0.027303353	0.15581407
TCGA-30-1891-01A	0.018657213	0.05300315	0.643948	0.012947747	0.03224889	0.025640002	0.21355502
TCGA-24-1551-01A	0.02987728	0.10801142	0.67092615	0.01978813	0.035266306	0.032114152	0.10401652
TCGA-10-0931-01A	0.018672997	0.034843896	0.77994204	0.017544115	0.03196338	0.028839156	0.08819446
TCGA-25-1625-01A	0.017277246	0.07334948	0.7445732	0.012184597	0.028036078	0.020279007	0.10430042
TCGA-30-1866-01A	0.021690967	0.033296946	0.757329	0.020224595	0.03221101	0.034392282	0.100855224
TCGA-30-1855-01A	0.019651836	0.05628574	0.6977326	0.012561989	0.0335017	0.022798395	0.15746772
TCGA-24-1545-01A	0.029190404	0.08970062	0.5708405	0.018605351	0.043327678	0.042049114	0.20628637
TCGA-24-1474-01A	0.020313025	0.08049292	0.67877555	0.015050263	0.034757815	0.034963492	0.13564692
TCGA-13-0884-01B	0.031583592	0.03661117	0.67112637	0.025130356	0.040352095	0.04402661	0.15116988
TCGA-24-1417-01A	0.02218234	0.08664465	0.6380832	0.01844616	0.03266448	0.039750677	0.16222848
TCGA-13-1498-01A	0.02600878	0.04317813	0.708514	0.022558799	0.037441727	0.03680716	0.12549138
TCGA-30-1857-01A	0.02202282	0.05969699	0.7036972	0.015616084	0.035720352	0.027724529	0.13552202
TCGA-13-0765-01A	0.019941075	0.057759833	0.7702946	0.015094324	0.032187365	0.033603724	0.071119115
TCGA-09-1667-01C	0.023405844	0.06712047	0.6988775	0.02006913	0.030816203	0.03745235	0.12225852
TCGA-29-1783-01A	0.02184208	0.07448314	0.64308953	0.017393483	0.04346997	0.032182038	0.16753983
TCGA-57-1582-01A	0.0162396	0.032171454	0.7534841	0.0138824405	0.03520814	0.02676429	0.12224994
TCGA-36-1570-01A	0.01873753	0.028958594	0.77751917	0.0145416185	0.027976846	0.03137671	0.10088954
TCGA-29-1763-01A	0.02144892	0.04728681	0.63509506	0.017947936	0.038582653	0.034039315	0.20559935
TCGA-23-1809-01A	0.020696431	0.034220546	0.6217332	0.016108846	0.043476325	0.033361185	0.23040347
TCGA-24-1842-01A	0.026858121	0.080853656	0.6833909	0.01754521	0.03287246	0.040230136	0.1182495
TCGA-25-1634-01A	0.017808512	0.014816527	0.7214506	0.016421722	0.039543826	0.03375877	0.15620005
TCGA-25-1312-01A	0.0151705975	0.03622527	0.7633646	0.013349585	0.034452442	0.023625804	0.11381171
TCGA-24-1426-01A	0.024774313	0.046786886	0.6452518	0.02101776	0.041523095	0.045818478	0.1748277
TCGA-29-1711-01A	0.020460622	0.05510786	0.75732344	0.0136968335	0.020871049	0.030498177	0.10204206
TCGA-24-1469-01A	0.022009352	0.029765325	0.75463694	0.013847138	0.03075234	0.025670154	0.123318814
TCGA-23-1022-01A	0.012159538	0.015314989	0.8141289	0.011094506	0.03239337	0.018471433	0.09643731
TCGA-61-1914-01A	0.016065195	0.0540759	0.7730098	0.011191517	0.02850336	0.024719112	0.09243504
TCGA-25-2391-01A	0.0130709475	0.035193738	0.80119485	0.010862463	0.021645607	0.01899455	0.09903791
TCGA-24-1424-01A	0.017353926	0.03103931	0.72390574	0.012601226	0.026330119	0.021027194	0.16774254
TCGA-24-1550-01A	0.022204692	0.1481683	0.50986594	0.01903552	0.03957297	0.020789117	0.24036348
TCGA-61-2000-01A	0.023697369	0.064367555	0.6736216	0.023055172	0.039379094	0.04234907	0.13353015
TCGA-61-2104-01A	0.020964684	0.056319267	0.74828744	0.017031403	0.030907465	0.030937279	0.09555248
TCGA-23-1122-01A	0.019058354	0.03587465	0.7375851	0.013615351	0.031123014	0.026576525	0.13616703
TCGA-24-1425-01A	0.026715888	0.09785244	0.52135754	0.021791967	0.040756837	0.035310987	0.2562143
TCGA-36-1575-01A	0.02928181	0.020077197	0.6464529	0.024313493	0.050125603	0.043603588	0.18614541
TCGA-57-1585-01A	0.017321894	0.057801723	0.6323702	0.011113434	0.031513285	0.024619607	0.22525994
TCGA-13-0899-01A	0.015187862	0.032236233	0.78820294	0.009132811	0.02840658	0.01940458	0.107429
TCGA-29-1762-01A	0.016870977	0.038993195	0.7365809	0.009890328	0.037098955	0.023123568	0.1374421
TCGA-23-1123-01A	0.02740059	0.1039538	0.6392614	0.025649322	0.046783984	0.04910363	0.10784727
TCGA-04-1530-01A	0.026095567	0.0678496	0.643686	0.01696576	0.037642505	0.03446098	0.17329963
TCGA-31-1944-01A	0.016610896	0.04820549	0.70536166	0.014598861	0.033866268	0.028825024	0.15253179
TCGA-30-1861-01A	0.021095796	0.028674101	0.6429947	0.014660818	0.040989336	0.021941736	0.22964352
TCGA-24-0970-01B	0.01987994	0.039598394	0.6931012	0.014910594	0.0369415	0.02744022	0.16812807
TCGA-20-1682-01A	0.025861152	0.06679126	0.6491819	0.016346877	0.032976326	0.027936118	0.18090625
TCGA-13-A5FT-01A	0.018106846	0.022328109	0.78453654	0.016657187	0.028954536	0.03143183	0.09798497
TCGA-23-1119-01A	0.028525412	0.060869645	0.66732246	0.02158463	0.045038935	0.036740337	0.13991858
TCGA-61-1907-01A	0.028140858	0.11857789	0.6471944	0.024628198	0.04710575	0.04904363	0.08530933
TCGA-25-1324-01A	0.031347953	0.020429902	0.6386803	0.025902217	0.0563073	0.046743874	0.18058844
TCGA-25-1317-01A	0.017711865	0.020498691	0.67366105	0.015424386	0.034778252	0.031963967	0.20596178
TCGA-61-2097-01A	0.01493733	0.07520742	0.676419	0.013808104	0.027157122	0.022308005	0.17016299
TCGA-25-1316-01A	0.03245929	0.03792058	0.5816092	0.02821154	0.055708155	0.03841831	0.225673
TCGA-13-1492-01A	0.025292853	0.027248874	0.73473233	0.021390123	0.041132238	0.033019308	0.11718431
TCGA-24-1105-01A	0.020174772	0.03519663	0.7237504	0.015968274	0.034523834	0.026867034	0.14351898
TCGA-13-1509-01A	0.025051424	0.04274157	0.6706476	0.020632533	0.039796416	0.03418572	0.16694476
TCGA-20-0987-01A	0.020793425	0.25534832	0.61508673	0.015103935	0.027852423	0.023449251	0.04236591
TCGA-04-1362-01A	0.013179383	0.026949896	0.83240795	0.0111409575	0.020936472	0.020741856	0.0746435
TCGA-24-2297-01A	0.020775512	0.02287449	0.7560423	0.015450853	0.030975625	0.030879602	0.123001605
TCGA-13-1483-01A	0.017552853	0.045388	0.72849727	0.014308543	0.032354396	0.030689286	0.13120963
TCGA-23-1118-01A	0.018772004	0.049651418	0.74241686	0.015011414	0.029597746	0.03513475	0.10941578
TCGA-25-1877-01A	0.033274233	0.06893754	0.47279754	0.031428013	0.09518889	0.054745704	0.24362807
TCGA-04-1361-01A	0.02820216	0.050726723	0.6392839	0.024230158	0.04809008	0.037628558	0.17183842
TCGA-25-1632-01A	0.00878854	0.010829189	0.8038303	0.009981676	0.019535998	0.019588621	0.12744568
TCGA-25-2404-01A	0.015296194	0.037466224	0.7356723	0.010536567	0.023530014	0.017490914	0.16000779
TCGA-25-1323-01A	0.016014168	0.03223964	0.701485	0.013633153	0.03465036	0.027181732	0.17479597
TCGA-13-0886-01A	0.031299483	0.10742194	0.5963335	0.022053212	0.041002776	0.035811745	0.16607735
TCGA-24-2262-01A	0.021763505	0.05803679	0.7206173	0.0127773695	0.027587734	0.031975117	0.12724227
TCGA-36-1568-01A	0.017777747	0.05130892	0.6990358	0.020643162	0.03527041	0.03403243	0.14193153
TCGA-20-1685-01A	0.022144223	0.08761003	0.70576066	0.015318267	0.034985747	0.034248494	0.09993258
TCGA-61-1738-01A	0.013880095	0.041680735	0.82127625	0.010962409	0.02472212	0.019571705	0.06790673
TCGA-25-1623-01A	0.028500808	0.12163124	0.59897786	0.019164553	0.034423027	0.03017573	0.16712677
TCGA-13-0890-01A	0.016160691	0.054426175	0.7157183	0.009459012	0.02978132	0.013235903	0.16121851
